  0.789822280        0.400000006    
   2.34778023         31.4526310    
   3.90573788         36.6947365    
   5.46369553         0.00000000    
   7.02165365         0.00000000    
   8.57961082         0.00000000    
   10.1375694         0.00000000    
   11.6955271         0.00000000    
   13.2534847         0.00000000    
   14.8114433         15.7263155    
   16.3694000         0.00000000    
   17.9273586         0.00000000    
   19.4853172         0.00000000    
   21.0432739         0.00000000    
   22.6012306         0.00000000    
   24.1591911         0.00000000    
   25.7171478         0.00000000    
   27.2751045         0.00000000    
   28.8330631         0.00000000    
   30.3910217         15.7263155    
