  0.100915663        0.400000006    
  0.274714857         0.00000000    
  0.448514074         0.00000000    
  0.622313261         0.00000000    
  0.796112418         0.00000000    
  0.969911635         0.00000000    
   1.14371085         0.00000000    
   1.31751013         0.00000000    
   1.49130917         0.00000000    
   1.66510844         0.00000000    
   1.83890772         0.00000000    
   2.01270676         0.00000000    
   2.18650603         0.00000000    
   2.36030531         0.00000000    
   2.53410435         0.00000000    
   2.70790362         0.00000000    
   2.88170290         0.00000000    
   3.05550194         0.00000000    
   3.22930121         0.00000000    
   3.40310049         99.5999985    
